1.000000 0.023518 0.791065 0.018604 0.023518 0.000000 0.002853 0.000000 0.791065 0.002853 0.625784 0.002257 0.018604 0.000000 0.002257 0.000000 
0.023518 1.000000 0.018604 0.791065 0.000000 0.023518 0.000000 0.002853 0.121314 0.791065 0.095967 0.625784 0.002853 0.018604 0.000000 0.002257 
0.791065 0.018604 1.000000 0.023518 0.121314 0.002853 0.023518 0.000000 0.625784 0.002257 0.791065 0.002853 0.095967 0.000000 0.018604 0.000000 
0.018604 0.791065 0.023518 1.000000 0.002853 0.121314 0.000000 0.023518 0.095967 0.625784 0.121314 0.791065 0.014717 0.095967 0.002853 0.018604 
0.023518 0.000000 0.121314 0.002853 1.000000 0.023518 0.791065 0.018604 0.018604 0.000000 0.095967 0.000000 0.791065 0.002853 0.625784 0.002257 
0.000000 0.023518 0.002853 0.121314 0.023518 1.000000 0.018604 0.791065 0.002853 0.018604 0.014717 0.095967 0.121314 0.791065 0.095967 0.625784 
0.002853 0.000000 0.023518 0.000000 0.791065 0.018604 1.000000 0.023518 0.002257 0.000000 0.018604 0.000000 0.625784 0.002257 0.791065 0.002853 
0.000000 0.002853 0.000000 0.023518 0.018604 0.791065 0.023518 1.000000 0.000000 0.002257 0.002853 0.018604 0.095967 0.625784 0.121314 0.791065 
0.791065 0.121314 0.625784 0.095967 0.018604 0.002853 0.002257 0.000000 1.000000 0.023518 0.791065 0.018604 0.023518 0.000000 0.002853 0.000000 
0.002853 0.791065 0.002257 0.625784 0.000000 0.018604 0.000000 0.002257 0.023518 1.000000 0.018604 0.791065 0.000000 0.023518 0.000000 0.002853 
0.625784 0.095967 0.791065 0.121314 0.095967 0.014717 0.018604 0.002853 0.791065 0.018604 1.000000 0.023518 0.121314 0.002853 0.023518 0.000000 
0.002257 0.625784 0.002853 0.791065 0.000000 0.095967 0.000000 0.018604 0.018604 0.791065 0.023518 1.000000 0.002853 0.121314 0.000000 0.023518 
0.018604 0.002853 0.095967 0.014717 0.791065 0.121314 0.625784 0.095967 0.023518 0.000000 0.121314 0.002853 1.000000 0.023518 0.791065 0.018604 
0.000000 0.018604 0.000000 0.095967 0.002853 0.791065 0.002257 0.625784 0.000000 0.023518 0.002853 0.121314 0.023518 1.000000 0.018604 0.791065 
0.002257 0.000000 0.018604 0.002853 0.625784 0.095967 0.791065 0.121314 0.002853 0.000000 0.023518 0.000000 0.791065 0.018604 1.000000 0.023518 
0.000000 0.002257 0.000000 0.018604 0.002257 0.625784 0.002853 0.791065 0.000000 0.002853 0.000000 0.023518 0.018604 0.791065 0.023518 1.000000 
